12
1
2
0 0 24 21 0 -1
6 0 12 21 0 2
haar_x4
-2.823422e-001 0 -1
6.605151e-001 -6.909248e-001 
1
2
5 0 15 3 0 -1
10 1 5 1 0 9
haar_point
-7.257149e-002 0 -1
6.725338e-001 -2.219991e-001 
1
2
7 12 7 12 0 -1
7 18 7 6 0 2
haar_y2
2.098787e-002 0 -1
-4.514631e-001 3.743218e-001 
1
3
13 6 6 14 0 -1
16 6 3 7 0 2
13 13 3 7 0 2
haar_x2_y2
-1.915956e-002 0 -1
4.096306e-001 -2.138453e-001 
1
2
4 7 3 10 0 -1
4 12 3 5 0 2
haar_y2
2.405886e-002 0 -1
-2.369723e-001 5.737384e-001 
1
2
22 18 2 3 0 -1
22 18 1 3 0 2
haar_x2
1.030773e-003 0 -1
1.451313e-001 -6.478827e-001 
1
2
4 0 16 3 0 -1
4 1 16 1 0 3
haar_y3
-5.915882e-003 0 -1
3.407919e-001 -2.814862e-001 
1
2
22 22 2 2 0 -1
22 22 1 2 0 2
haar_x2
-8.678166e-004 0 -1
-7.526096e-001 1.461952e-001 
1
2
5 18 6 3 0 -1
8 18 3 3 0 2
haar_x2
-1.509598e-002 0 -1
5.000302e-001 -2.265560e-001 
1
2
11 14 5 2 0 -1
11 15 5 1 0 2
haar_y2
-1.366979e-003 0 -1
-3.488696e-001 1.159229e-001 
1
2
3 23 4 1 0 -1
5 23 2 1 0 2
haar_x2
-1.305608e-003 0 -1
-6.081351e-001 1.522777e-001 
1
2
22 22 2 2 0 -1
22 22 1 2 0 2
haar_x2
3.644925e-004 0 -1
1.504137e-001 -5.475432e-001 
-1.580535e+000

1
-1
