35
1
2
0 0 24 21 0 -1
8 7 8 7 0 9
haar_point
-8.748118e-001 0 -1
4.776799e-001 -2.999318e-001 
1
3
14 7 6 12 0 -1
17 7 3 6 0 2
14 13 3 6 0 2
haar_x2_y2
-2.147792e-002 0 -1
4.291096e-001 -2.094582e-001 
1
3
4 7 6 12 0 -1
4 7 3 6 0 2
7 13 3 6 0 2
haar_x2_y2
-1.786594e-002 0 -1
3.507378e-001 -2.814244e-001 
1
2
10 0 6 3 0 -1
10 1 6 1 0 3
haar_y3
-2.446089e-003 0 -1
2.118455e-001 -3.537802e-001 
1
2
0 20 2 4 0 -1
0 22 2 2 0 2
haar_y2
-9.361848e-005 0 -1
2.224575e-001 -3.743281e-001 
1
2
2 3 20 18 0 -1
7 3 10 18 0 2
haar_x4
-7.479785e-002 0 -1
1.319090e-001 -5.724830e-001 
1
2
4 3 6 2 0 -1
4 4 6 1 0 2
haar_y2
-2.479669e-003 0 -1
3.399739e-001 -2.368880e-001 
1
2
3 18 18 4 0 -1
9 18 6 4 0 3
haar_x3
4.823356e-002 0 -1
-1.155666e-001 6.881529e-001 
1
2
9 17 4 6 0 -1
10 17 2 6 0 2
haar_x4
-4.279916e-003 0 -1
4.429848e-001 -1.594938e-001 
1
2
0 23 24 1 0 -1
0 23 12 1 0 2
haar_x2
-1.533526e-002 0 -1
-6.369827e-001 1.073024e-001 
1
2
10 12 4 12 0 -1
10 18 4 6 0 2
haar_y2
3.255352e-003 0 -1
-4.289078e-001 1.126009e-001 
1
2
5 2 15 21 0 -1
10 9 5 7 0 9
haar_point
-5.975728e-001 0 -1
-8.232395e-001 5.176269e-002 
1
2
2 22 4 2 0 -1
2 23 4 1 0 2
haar_y2
-3.469597e-004 0 -1
2.054376e-001 -2.603096e-001 
1
2
9 0 6 2 0 -1
11 0 2 2 0 3
haar_x3
-1.133027e-003 0 -1
2.089717e-001 -2.649794e-001 
1
2
6 2 4 6 0 -1
7 3 2 6 0 2
tilted_haar_x4
1.480925e-002 0 -1
-1.066101e-001 5.508109e-001 
1
2
17 2 7 3 0 -1
16 3 7 1 0 3
tilted_haar_x3
-1.454491e-002 0 -1
5.297421e-001 -8.987421e-002 
1
2
7 2 3 7 0 -1
8 3 1 7 0 3
tilted_haar_x3
-4.500058e-003 0 -1
3.191823e-001 -1.663242e-001 
1
2
0 12 24 3 0 -1
6 12 12 3 0 2
haar_x4
-9.683056e-002 0 -1
4.207422e-001 -1.324669e-001 
1
2
8 0 7 2 0 -1
8 1 7 1 0 2
haar_y2
4.749517e-003 0 -1
-9.486980e-002 5.169238e-001 
1
2
10 14 6 7 0 -1
12 14 2 7 0 3
haar_x3
-7.786337e-003 0 -1
2.768036e-001 -9.549525e-002 
1
2
9 16 6 6 0 -1
11 16 2 6 0 3
haar_x3
2.052395e-002 0 -1
-9.318432e-002 5.903873e-001 
1
2
12 0 5 3 0 -1
12 1 5 1 0 3
haar_y3
-1.075461e-003 0 -1
1.132017e-001 -1.660075e-001 
1
2
0 23 8 1 0 -1
4 23 4 1 0 2
haar_x2
-6.231983e-003 0 -1
-6.558855e-001 7.667847e-002 
1
2
22 21 2 1 0 -1
22 21 1 1 0 2
tilted_haar_y2
1.744592e-003 0 -1
6.218514e-002 -4.868341e-001 
1
2
0 22 24 2 0 -1
12 22 12 2 0 2
haar_x2
-4.193163e-002 0 -1
-8.581573e-001 4.602622e-002 
1
2
17 4 2 3 0 -1
16 5 2 1 0 3
tilted_haar_x3
-1.350801e-005 0 -1
1.002048e-001 -1.524986e-001 
1
2
1 12 21 4 0 -1
8 12 7 4 0 3
haar_x3
-1.388605e-002 0 -1
7.803836e-002 -5.836453e-001 
1
2
17 4 2 3 0 -1
16 5 2 1 0 3
tilted_haar_x3
9.895422e-003 0 -1
-3.159047e-002 3.476752e-001 
1
2
7 4 3 2 0 -1
8 5 1 2 0 3
tilted_haar_x3
-2.866729e-005 0 -1
1.853631e-001 -2.509901e-001 
1
2
17 11 4 8 0 -1
18 11 2 8 0 2
haar_x4
2.721570e-003 0 -1
-9.348040e-002 1.492441e-001 
1
2
3 11 4 8 0 -1
4 11 2 8 0 2
haar_x4
-4.648998e-003 0 -1
4.248846e-001 -1.160278e-001 
1
2
22 17 2 4 0 -1
22 17 1 4 0 2
haar_x2
8.080407e-004 0 -1
8.715393e-002 -4.110755e-001 
1
2
2 11 2 6 0 -1
2 14 2 3 0 2
haar_y2
3.156138e-003 0 -1
-1.901709e-001 2.611821e-001 
1
3
13 10 6 8 0 -1
16 10 3 4 0 2
13 14 3 4 0 2
haar_x2_y2
2.693228e-002 0 -1
-2.659461e-002 4.294576e-001 
1
3
5 10 6 8 0 -1
5 10 3 4 0 2
8 14 3 4 0 2
haar_x2_y2
1.150493e-002 0 -1
-8.926352e-002 4.815039e-001 
-1.514467e+000

8
-1
