50
1
2
0 0 24 21 0 -1
8 7 8 7 0 9
haar_point
-8.302208e-001 0 -1
3.348530e-001 -2.978034e-001 
1
2
5 3 15 2 0 -1
5 4 15 1 0 2
haar_y2
-8.611111e-003 0 -1
3.713579e-001 -1.924824e-001 
1
3
3 8 8 10 0 -1
3 8 4 5 0 2
7 13 4 5 0 2
haar_x2_y2
-2.174415e-002 0 -1
3.280513e-001 -2.431159e-001 
1
2
22 19 2 3 0 -1
22 19 1 3 0 2
tilted_haar_y2
1.592454e-005 0 -1
-2.516605e-001 1.228316e-001 
1
2
7 15 6 9 0 -1
9 18 2 3 0 9
haar_point
-3.228923e-002 0 -1
3.077804e-001 -1.692825e-001 
1
2
9 16 8 5 0 -1
11 16 4 5 0 2
haar_x4
7.364227e-003 0 -1
-1.216289e-001 2.439329e-001 
1
2
3 0 18 3 0 -1
9 1 6 1 0 9
haar_point
-1.217066e-001 0 -1
4.621502e-001 -1.398595e-001 
1
2
22 19 2 3 0 -1
22 19 1 3 0 2
tilted_haar_y2
3.569842e-003 0 -1
7.539275e-002 -5.023003e-001 
1
2
2 19 3 2 0 -1
2 19 3 1 0 2
tilted_haar_y2
1.542351e-005 0 -1
-2.796321e-001 1.963590e-001 
1
2
9 15 9 9 0 -1
12 15 3 9 0 3
haar_x3
-3.708969e-002 0 -1
2.447660e-001 -9.142751e-002 
1
2
1 5 6 16 0 -1
4 5 3 16 0 2
haar_x2
-3.816847e-002 0 -1
2.497954e-001 -2.402486e-001 
1
2
1 22 22 2 0 -1
1 22 11 2 0 2
haar_x2
3.212444e-002 0 -1
7.553130e-002 -7.219765e-001 
1
2
0 3 24 4 0 -1
0 5 24 2 0 2
haar_y2
3.603401e-002 0 -1
-9.687456e-002 6.355348e-001 
1
2
13 6 2 4 0 -1
13 8 2 2 0 2
haar_y2
-1.567533e-003 0 -1
-2.307841e-001 1.079903e-001 
1
2
0 22 24 2 0 -1
12 22 12 2 0 2
haar_x2
2.474447e-002 0 -1
8.052216e-002 -5.343069e-001 
1
2
22 1 2 3 0 -1
22 1 1 3 0 2
haar_x2
-5.684922e-004 0 -1
-2.670026e-001 8.348408e-002 
1
2
0 1 2 3 0 -1
1 1 1 3 0 2
haar_x2
-2.949139e-004 0 -1
-2.775723e-001 1.557134e-001 
1
2
10 0 8 3 0 -1
10 1 8 1 0 3
haar_y3
-2.783869e-003 0 -1
1.271692e-001 -2.181172e-001 
1
2
12 5 12 3 0 -1
16 9 4 3 0 3
tilted_haar_x3
-5.988387e-002 0 -1
3.177994e-001 -1.504001e-001 
1
2
18 3 3 3 0 -1
17 4 3 1 0 3
tilted_haar_x3
-5.266010e-003 0 -1
2.507546e-001 -1.097014e-001 
1
2
8 5 8 2 0 -1
12 5 4 2 0 2
haar_x2
-7.098444e-003 0 -1
-5.202121e-001 9.537116e-002 
1
2
19 7 5 3 0 -1
18 8 5 1 0 3
tilted_haar_x3
-1.247085e-002 0 -1
4.854603e-001 -6.934725e-002 
1
2
9 12 6 12 0 -1
9 18 6 6 0 2
haar_y2
2.184107e-002 0 -1
-2.976553e-001 1.523338e-001 
1
2
19 7 5 3 0 -1
18 8 5 1 0 3
tilted_haar_x3
1.188322e-002 0 -1
-5.869085e-002 4.997366e-001 
1
2
5 7 3 5 0 -1
6 8 1 5 0 3
tilted_haar_x3
-4.934244e-003 0 -1
3.434863e-001 -1.256822e-001 
1
2
18 3 3 3 0 -1
17 4 3 1 0 3
tilted_haar_x3
1.729374e-002 0 -1
-2.232324e-002 8.211558e-001 
1
2
6 3 3 3 0 -1
7 4 1 3 0 3
tilted_haar_x3
-2.537437e-003 0 -1
2.750270e-001 -1.511919e-001 
1
2
8 6 8 1 0 -1
10 6 4 1 0 2
haar_x4
4.674076e-004 0 -1
1.397649e-001 -2.826861e-001 
1
2
10 17 4 1 0 -1
11 17 2 1 0 2
haar_x4
-1.874085e-003 0 -1
5.083998e-001 -7.769483e-002 
1
2
12 13 3 1 0 -1
13 13 1 1 0 3
haar_x3
-4.045839e-004 0 -1
-2.835399e-001 1.143488e-001 
1
2
12 13 9 1 0 -1
15 16 3 1 0 3
tilted_haar_x3
-5.414844e-003 0 -1
2.277304e-001 -1.706661e-001 
1
2
12 12 3 1 0 -1
13 12 1 1 0 3
haar_x3
1.490814e-004 0 -1
7.524727e-002 -2.061066e-001 
1
2
7 10 6 6 0 -1
9 12 2 6 0 3
tilted_haar_x3
-5.329644e-002 0 -1
5.786423e-001 -7.148834e-002 
1
2
7 23 16 1 0 -1
11 23 8 1 0 2
haar_x4
-9.887325e-003 0 -1
-3.545164e-001 8.501796e-002 
1
2
8 16 6 7 0 -1
10 16 2 7 0 3
haar_x3
-2.128014e-002 0 -1
3.980440e-001 -1.088396e-001 
1
2
12 12 3 1 0 -1
13 12 1 1 0 3
haar_x3
-5.058630e-004 0 -1
-2.685918e-001 8.404136e-002 
1
2
0 12 24 3 0 -1
0 13 24 1 0 3
haar_y3
1.098612e-002 0 -1
-9.333923e-002 4.493076e-001 
1
2
12 12 3 1 0 -1
13 12 1 1 0 3
haar_x3
-2.712160e-005 0 -1
1.043723e-001 -8.961422e-002 
1
2
9 12 3 1 0 -1
10 12 1 1 0 3
haar_x3
-2.777037e-004 0 -1
-3.098554e-001 1.301718e-001 
1
2
12 20 2 2 0 -1
12 20 2 1 0 2
tilted_haar_x2
3.770948e-004 0 -1
-8.430644e-002 9.922305e-002 
1
2
1 23 6 1 0 -1
3 23 2 1 0 3
haar_x3
2.433619e-003 0 -1
7.632576e-002 -5.304212e-001 
1
2
11 20 6 1 0 -1
13 20 2 1 0 3
haar_x3
-4.584517e-003 0 -1
3.496378e-001 -7.096057e-002 
1
3
6 3 4 2 0 -1
6 3 2 1 0 2
8 4 2 1 0 2
haar_x2_y2
-1.596408e-003 0 -1
3.832932e-001 -9.394373e-002 
1
2
0 1 24 21 0 -1
8 1 8 21 0 3
haar_x3
-2.638700e-001 0 -1
1.137693e-001 -3.637014e-001 
1
2
2 20 14 3 0 -1
2 21 14 1 0 3
haar_y3
-2.468621e-003 0 -1
2.902082e-001 -1.409270e-001 
1
2
12 20 2 2 0 -1
12 20 2 1 0 2
tilted_haar_x2
5.727416e-003 0 -1
2.853264e-002 -2.942655e-001 
1
3
5 7 2 6 0 -1
5 7 1 3 0 2
6 10 1 3 0 2
haar_x2_y2
4.416276e-003 0 -1
-6.047972e-002 6.040879e-001 
1
2
6 0 15 3 0 -1
11 1 5 1 0 9
haar_point
-1.324011e-001 0 -1
5.537122e-001 -2.360203e-002 
1
2
7 7 3 4 0 -1
8 8 1 4 0 3
tilted_haar_x3
1.149327e-002 0 -1
-5.859546e-002 5.894802e-001 
1
2
0 17 24 1 0 -1
0 17 12 1 0 2
haar_x2
1.187813e-002 0 -1
1.141974e-001 -3.516105e-001 
-1.353474e+000

12
-1
