45
1
2
0 0 24 22 0 -1
6 0 12 22 0 2
haar_x4
-4.234124e-001 0 -1
3.078449e-001 -3.541170e-001 
1
2
4 3 16 4 0 -1
4 5 16 2 0 2
haar_y2
-1.573139e-002 0 -1
2.852179e-001 -2.977335e-001 
1
2
12 2 6 4 0 -1
14 4 2 4 0 3
tilted_haar_x3
-2.270000e-002 0 -1
-5.798616e-001 1.132275e-001 
1
2
12 0 4 3 0 -1
12 1 4 1 0 3
haar_y3
-2.803179e-003 0 -1
1.900727e-001 -2.139697e-001 
1
2
0 19 12 2 0 -1
4 19 4 2 0 3
haar_x3
1.289098e-002 0 -1
-1.842133e-001 3.484698e-001 
1
2
9 17 8 5 0 -1
11 17 4 5 0 2
haar_x4
7.569243e-003 0 -1
-1.630176e-001 1.886348e-001 
1
2
0 18 1 6 0 -1
0 21 1 3 0 2
haar_y2
-1.595838e-005 0 -1
1.826906e-001 -3.541867e-001 
1
2
19 23 4 1 0 -1
19 23 2 1 0 2
haar_x2
-1.319167e-003 0 -1
-6.493573e-001 9.760401e-002 
1
2
4 2 12 12 0 -1
8 6 4 4 0 9
haar_point
-1.926809e-001 0 -1
-6.335028e-001 8.064041e-002 
1
2
6 1 12 1 0 -1
10 1 4 1 0 3
haar_x3
-1.388761e-002 0 -1
3.306024e-001 -1.624466e-001 
1
2
4 20 2 2 0 -1
4 20 2 1 0 2
tilted_haar_y2
2.747901e-003 0 -1
9.284715e-002 -5.873716e-001 
1
2
15 22 2 2 0 -1
15 23 2 1 0 2
haar_y2
-6.876036e-004 0 -1
2.278556e-001 -1.074152e-001 
1
2
0 20 24 4 0 -1
12 20 12 4 0 2
haar_x2
5.082634e-002 0 -1
8.105049e-002 -5.912197e-001 
1
2
19 4 5 4 0 -1
18 5 5 2 0 2
tilted_haar_x4
-9.626558e-003 0 -1
3.733921e-001 -1.407409e-001 
1
2
10 13 4 1 0 -1
11 13 2 1 0 2
haar_x4
3.823679e-004 0 -1
1.203218e-001 -4.446483e-001 
1
2
0 17 24 5 0 -1
0 17 12 5 0 2
haar_x2
5.371929e-002 0 -1
1.076269e-001 -4.512752e-001 
1
2
0 12 24 6 0 -1
6 12 12 6 0 2
haar_x4
-7.030511e-002 0 -1
1.100413e-001 -4.354776e-001 
1
2
19 4 5 4 0 -1
18 5 5 2 0 2
tilted_haar_x4
8.742994e-003 0 -1
-7.883684e-002 2.922339e-001 
1
2
5 4 4 5 0 -1
6 5 2 5 0 2
tilted_haar_x4
-1.182901e-002 0 -1
4.596772e-001 -1.279983e-001 
1
2
9 19 9 3 0 -1
12 19 3 3 0 3
haar_x3
-1.838061e-002 0 -1
2.909998e-001 -6.306663e-002 
1
2
8 2 8 4 0 -1
8 3 8 2 0 2
haar_y4
-5.192333e-003 0 -1
4.149767e-001 -1.172799e-001 
1
2
4 2 18 21 0 -1
10 9 6 7 0 9
haar_point
-6.656275e-001 0 -1
-4.378853e-001 7.569100e-002 
1
2
10 9 9 6 0 -1
10 9 9 3 0 2
tilted_haar_y2
-2.819050e-002 0 -1
1.867356e-001 -2.892249e-001 
1
2
20 22 1 2 0 -1
20 23 1 1 0 2
haar_y2
-2.812869e-005 0 -1
1.872192e-001 -2.238790e-001 
1
2
8 0 4 3 0 -1
8 1 4 1 0 3
haar_y3
-1.205173e-003 0 -1
1.976480e-001 -2.612864e-001 
1
2
5 1 15 2 0 -1
10 1 5 2 0 3
haar_x3
2.583194e-002 0 -1
-5.861688e-002 4.756138e-001 
1
2
0 21 2 3 0 -1
1 21 1 3 0 2
haar_x2
1.372158e-003 0 -1
8.427922e-002 -5.856527e-001 
1
2
20 22 1 2 0 -1
20 23 1 1 0 2
haar_y2
1.386453e-005 0 -1
-1.196310e-001 1.930540e-001 
1
2
3 22 1 2 0 -1
3 23 1 1 0 2
haar_y2
-3.559919e-005 0 -1
1.934996e-001 -2.539989e-001 
1
2
18 3 4 3 0 -1
17 4 4 1 0 3
tilted_haar_x3
-4.333470e-003 0 -1
1.999027e-001 -1.025993e-001 
1
2
6 3 3 4 0 -1
7 4 1 4 0 3
tilted_haar_x3
1.037032e-002 0 -1
-8.895997e-002 5.653544e-001 
1
2
5 21 18 3 0 -1
5 22 18 1 0 3
haar_y3
-7.794353e-003 0 -1
3.706510e-001 -6.897085e-002 
1
2
9 9 3 2 0 -1
9 10 3 1 0 2
haar_y2
-6.040329e-004 0 -1
-3.476148e-001 1.362173e-001 
1
2
16 5 2 15 0 -1
16 5 1 15 0 2
tilted_haar_y2
-2.238113e-002 0 -1
8.057290e-001 -1.691341e-002 
1
2
8 5 15 2 0 -1
8 5 15 1 0 2
tilted_haar_y2
3.704183e-003 0 -1
-2.309248e-001 1.993347e-001 
1
3
19 11 2 2 0 -1
20 11 1 1 0 2
19 12 1 1 0 2
haar_x2_y2
-8.385092e-004 0 -1
2.965275e-001 -5.934254e-002 
1
3
3 11 2 2 0 -1
3 11 1 1 0 2
4 12 1 1 0 2
haar_x2_y2
9.889902e-004 0 -1
-8.474401e-002 5.207515e-001 
1
2
12 12 3 1 0 -1
13 12 1 1 0 3
haar_x3
1.623200e-004 0 -1
1.013011e-001 -2.332010e-001 
1
3
0 16 4 8 0 -1
0 16 2 4 0 2
2 20 2 4 0 2
haar_x2_y2
2.483955e-003 0 -1
1.311693e-001 -3.175344e-001 
1
3
8 0 8 8 0 -1
12 0 4 4 0 2
8 4 4 4 0 2
haar_x2_y2
-3.229284e-002 0 -1
5.360024e-001 -8.337136e-002 
1
2
9 0 4 3 0 -1
10 0 2 3 0 2
haar_x4
-1.353698e-005 0 -1
1.818396e-001 -2.586713e-001 
1
2
13 1 2 1 0 -1
13 1 1 1 0 2
haar_x2
2.634088e-003 0 -1
-1.965813e-002 5.549381e-001 
1
2
9 1 2 1 0 -1
10 1 1 1 0 2
haar_x2
-2.247357e-004 0 -1
-2.474668e-001 1.663103e-001 
1
2
0 0 24 1 0 -1
8 0 8 1 0 3
haar_x3
5.241901e-003 0 -1
8.697865e-002 -4.737403e-001 
1
3
2 12 2 2 0 -1
2 12 1 1 0 2
3 13 1 1 0 2
haar_x2_y2
-1.226706e-003 0 -1
6.340630e-001 -7.271853e-002 
-1.507182e+000

10
-1
