8
1
2
0 10 24 8 0 -1
6 10 12 8 0 2
haar_x4
-9.274910e-002 0 -1
6.827387e-001 -7.880956e-001 
1
2
9 0 7 3 0 -1
9 1 7 1 0 3
haar_y3
-3.084484e-003 0 -1
5.347434e-001 -4.831116e-001 
1
2
9 2 13 9 0 -1
6 5 13 3 0 3
tilted_haar_y3
-7.377561e-002 0 -1
5.986687e-001 -3.919510e-001 
1
2
3 11 19 10 0 -1
3 16 19 5 0 2
haar_y2
5.380688e-002 0 -1
-2.939254e-001 5.706266e-001 
1
3
4 9 8 10 0 -1
4 9 4 5 0 2
8 14 4 5 0 2
haar_x2_y2
-2.688348e-002 0 -1
7.126871e-001 -2.171428e-001 
1
2
2 0 21 1 0 -1
9 0 7 1 0 3
haar_x3
-1.745757e-004 0 -1
2.315371e-001 -4.458134e-001 
1
2
0 20 4 4 0 -1
0 22 4 2 0 2
haar_y2
-1.021625e-003 0 -1
3.404687e-001 -3.291478e-001 
1
2
6 11 12 6 0 -1
10 13 4 2 0 9
haar_point
-6.937247e-003 0 -1
2.585837e-001 -4.696140e-001 
-1.884633e+000

-1
-1
