28
1
2
5 3 14 2 0 -1
5 4 14 1 0 2
haar_y2
-4.658213e-003 0 -1
4.689988e-001 -3.682161e-001 
1
2
9 0 7 3 0 -1
9 1 7 1 0 3
haar_y3
-2.984304e-003 0 -1
3.337289e-001 -3.957878e-001 
1
2
3 12 8 8 0 -1
7 12 4 8 0 2
haar_x2
-4.104435e-002 0 -1
3.798444e-001 -4.230116e-001 
1
2
16 5 8 12 0 -1
16 5 4 12 0 2
haar_x2
-3.197451e-002 0 -1
2.379218e-001 -3.456490e-001 
1
2
8 5 5 8 0 -1
6 7 5 4 0 2
tilted_haar_y4
-1.492318e-002 0 -1
2.642465e-001 -3.356705e-001 
1
2
0 18 24 6 0 -1
0 18 12 6 0 2
haar_x2
7.528864e-002 0 -1
1.461284e-001 -6.621158e-001 
1
2
1 2 21 3 0 -1
1 3 21 1 0 3
haar_y3
-7.312073e-003 0 -1
4.684258e-001 -1.966413e-001 
1
2
20 15 4 4 0 -1
20 15 2 4 0 2
haar_x2
-3.534324e-003 0 -1
-4.476783e-001 1.816376e-001 
1
2
1 15 2 6 0 -1
2 15 1 6 0 2
haar_x2
1.353696e-003 0 -1
1.275251e-001 -6.034994e-001 
1
2
12 11 3 8 0 -1
13 12 1 8 0 3
tilted_haar_y3
1.436231e-002 0 -1
-5.624731e-002 5.359849e-001 
1
2
2 18 4 2 0 -1
2 18 4 1 0 2
tilted_haar_y2
-9.983002e-004 0 -1
-3.683616e-001 2.160728e-001 
1
2
8 16 9 3 0 -1
11 16 3 3 0 3
haar_x3
1.700151e-002 0 -1
-1.345956e-001 4.905579e-001 
1
2
0 0 24 3 0 -1
8 1 8 1 0 9
haar_point
-1.293983e-001 0 -1
4.662798e-001 -1.617350e-001 
1
2
19 4 4 15 0 -1
20 5 2 15 0 2
tilted_haar_y4
1.451685e-002 0 -1
-2.074168e-002 1.658957e-001 
1
2
5 4 15 4 0 -1
4 5 15 2 0 2
tilted_haar_y4
-1.780621e-002 0 -1
4.353412e-001 -1.697647e-001 
1
2
18 18 4 1 0 -1
18 18 2 1 0 2
tilted_haar_y2
3.016019e-003 0 -1
8.654904e-002 -4.098588e-001 
1
2
12 4 3 4 0 -1
11 5 3 2 0 2
tilted_haar_y4
1.660545e-003 0 -1
1.816080e-001 -3.816559e-001 
1
2
11 20 9 2 0 -1
14 20 3 2 0 3
haar_x3
-9.708550e-003 0 -1
2.757952e-001 -1.158955e-001 
1
2
0 23 24 1 0 -1
6 23 12 1 0 2
haar_x4
-2.508222e-002 0 -1
-7.819219e-001 8.190198e-002 
1
2
3 18 18 4 0 -1
9 18 6 4 0 3
haar_x3
-4.261473e-002 0 -1
2.903000e-001 -2.593552e-001 
1
2
2 18 4 2 0 -1
2 18 4 1 0 2
tilted_haar_y2
3.857879e-003 0 -1
1.186526e-001 -5.756423e-001 
1
2
10 3 6 3 0 -1
10 4 6 1 0 3
haar_y3
-2.315102e-003 0 -1
2.404436e-001 -1.374296e-001 
1
2
1 1 18 6 0 -1
1 3 18 2 0 3
haar_y3
1.603533e-002 0 -1
-2.049000e-001 3.117134e-001 
1
2
20 1 2 2 0 -1
20 1 1 2 0 2
haar_x2
-4.191691e-004 0 -1
-2.913781e-001 1.294407e-001 
1
2
6 17 6 2 0 -1
9 17 3 2 0 2
haar_x2
6.526521e-003 0 -1
-1.091200e-001 5.680680e-001 
1
2
20 22 1 2 0 -1
20 23 1 1 0 2
haar_y2
-1.451138e-005 0 -1
1.105600e-001 -1.008456e-001 
1
2
5 9 1 6 0 -1
5 11 1 2 0 3
haar_y3
-4.544167e-003 0 -1
5.700159e-001 -1.122228e-001 
1
2
20 4 4 3 0 -1
19 5 4 1 0 3
tilted_haar_x3
1.065402e-002 0 -1
-6.809989e-002 4.508404e-001 
-1.517108e+000

5
-1
