21
1
2
0 1 24 20 0 -1
6 1 12 20 0 2
haar_x4
-3.324680e-001 0 -1
6.250232e-001 -5.924788e-001 
1
2
3 14 18 1 0 -1
9 14 6 1 0 3
haar_x3
-8.102886e-003 0 -1
2.703708e-001 -5.470274e-001 
1
2
8 0 8 3 0 -1
8 1 8 1 0 3
haar_y3
-6.264279e-003 0 -1
4.796225e-001 -3.350450e-001 
1
3
13 5 6 16 0 -1
16 5 3 8 0 2
13 13 3 8 0 2
haar_x2_y2
-3.540171e-002 0 -1
5.241929e-001 -1.306711e-001 
1
2
4 0 4 20 0 -1
4 5 4 10 0 2
haar_y4
-3.262448e-002 0 -1
3.564202e-001 -3.081910e-001 
1
2
8 16 8 5 0 -1
10 16 4 5 0 2
haar_x4
7.897223e-003 0 -1
-2.068032e-001 4.972588e-001 
1
2
6 18 6 3 0 -1
9 18 3 3 0 2
haar_x2
-1.202582e-002 0 -1
5.083635e-001 -2.420569e-001 
1
2
19 15 4 5 0 -1
19 15 2 5 0 2
haar_x2
3.614047e-003 0 -1
8.277980e-002 -4.401013e-001 
1
2
1 15 4 5 0 -1
3 15 2 5 0 2
haar_x2
3.268468e-003 0 -1
1.297324e-001 -5.863966e-001 
1
2
12 4 4 4 0 -1
12 4 2 4 0 2
tilted_haar_y2
8.747339e-003 0 -1
9.580705e-002 -3.121682e-001 
1
2
4 3 3 3 0 -1
5 4 1 3 0 3
tilted_haar_x3
1.043584e-002 0 -1
-1.116334e-001 6.706124e-001 
1
2
12 4 4 4 0 -1
12 4 2 4 0 2
tilted_haar_y2
-4.838159e-003 0 -1
-2.414123e-001 1.099174e-001 
1
2
6 18 12 2 0 -1
9 18 6 2 0 2
haar_x4
1.739410e-002 0 -1
-9.204071e-002 7.527435e-001 
1
2
22 23 2 1 0 -1
22 23 1 1 0 2
haar_x2
-4.647656e-004 0 -1
-6.188024e-001 1.213562e-001 
1
2
5 14 14 2 0 -1
5 15 14 1 0 2
haar_y2
7.306701e-005 0 -1
-3.556339e-001 1.816251e-001 
1
2
11 14 10 8 0 -1
11 14 5 8 0 2
haar_x2
-1.706841e-002 0 -1
1.093731e-001 -1.733533e-001 
1
2
0 20 24 4 0 -1
12 20 12 4 0 2
haar_x2
4.955696e-002 0 -1
1.220492e-001 -5.783945e-001 
1
2
0 22 24 2 0 -1
0 22 12 2 0 2
haar_x2
3.459685e-002 0 -1
7.821084e-002 -8.543809e-001 
1
2
1 0 21 7 0 -1
8 0 7 7 0 3
haar_x3
-1.138166e-001 0 -1
3.435106e-001 -2.197310e-001 
1
3
13 3 6 18 0 -1
16 3 3 9 0 2
13 12 3 9 0 2
haar_x2_y2
4.050957e-002 0 -1
-4.359441e-002 3.952627e-001 
1
3
4 3 8 18 0 -1
4 3 4 9 0 2
8 12 4 9 0 2
haar_x2_y2
-3.336116e-002 0 -1
4.129446e-001 -2.229398e-001 
-1.614669e+000

3
-1
