38
1
2
0 1 24 19 0 -1
6 1 12 19 0 2
haar_x4
-4.171315e-001 0 -1
4.415475e-001 -3.438413e-001 
1
2
2 0 20 18 0 -1
2 6 20 6 0 3
haar_y3
-2.063560e-001 0 -1
4.131891e-001 -2.474559e-001 
1
2
7 0 5 3 0 -1
7 1 5 1 0 3
haar_y3
-2.093448e-003 0 -1
2.628468e-001 -3.042995e-001 
1
3
12 7 8 12 0 -1
16 7 4 6 0 2
12 13 4 6 0 2
haar_x2_y2
-2.921808e-002 0 -1
3.029014e-001 -1.436105e-001 
1
2
7 15 6 5 0 -1
9 15 2 5 0 3
haar_x3
-1.476162e-002 0 -1
4.012589e-001 -1.965084e-001 
1
2
6 16 12 4 0 -1
10 16 4 4 0 3
haar_x3
3.275482e-002 0 -1
-1.351234e-001 5.907800e-001 
1
2
0 18 2 2 0 -1
1 18 1 2 0 2
haar_x2
7.772541e-004 0 -1
1.196672e-001 -6.065977e-001 
1
2
22 18 2 2 0 -1
22 18 1 2 0 2
tilted_haar_y2
4.023071e-003 0 -1
4.581704e-002 -6.950632e-001 
1
2
2 17 3 2 0 -1
2 17 3 1 0 2
tilted_haar_y2
-1.712257e-003 0 -1
-4.338298e-001 1.498656e-001 
1
2
3 6 18 15 0 -1
9 11 6 5 0 9
haar_point
-8.423427e-002 0 -1
9.252743e-002 -5.709034e-001 
1
2
9 0 6 16 0 -1
9 8 6 8 0 2
haar_y2
-8.406311e-002 0 -1
-5.954659e-001 8.354906e-002 
1
2
22 23 2 1 0 -1
22 23 1 1 0 2
haar_x2
4.265634e-004 0 -1
8.147707e-002 -6.715145e-001 
1
2
0 23 2 1 0 -1
1 23 1 1 0 2
haar_x2
-6.665349e-004 0 -1
-6.236010e-001 7.913499e-002 
1
2
13 13 3 1 0 -1
14 13 1 1 0 3
haar_x3
-5.061701e-004 0 -1
-2.896014e-001 7.446860e-002 
1
2
8 13 3 1 0 -1
9 13 1 1 0 3
haar_x3
-4.598344e-004 0 -1
-4.108817e-001 1.190287e-001 
1
2
19 2 5 3 0 -1
18 3 5 1 0 3
tilted_haar_x3
1.356426e-002 0 -1
-1.023401e-001 4.657431e-001 
1
2
6 1 1 16 0 -1
6 5 1 8 0 2
haar_y4
-1.752236e-002 0 -1
5.122739e-001 -9.920450e-002 
1
2
13 17 6 4 0 -1
13 17 3 4 0 2
haar_x2
1.159253e-002 0 -1
-6.793787e-002 4.130512e-001 
1
2
8 12 4 1 0 -1
9 12 2 1 0 2
haar_x4
1.846089e-004 0 -1
1.535489e-001 -3.469746e-001 
1
2
18 22 1 2 0 -1
18 23 1 1 0 2
haar_y2
-1.464016e-005 0 -1
1.731987e-001 -2.137596e-001 
1
2
5 13 6 9 0 -1
8 13 3 9 0 2
haar_x2
1.202901e-002 0 -1
-8.293228e-002 5.471438e-001 
1
3
11 8 12 12 0 -1
17 8 6 6 0 2
11 14 6 6 0 2
haar_x2_y2
-4.077175e-002 0 -1
2.719267e-001 -1.067706e-001 
1
2
0 22 2 2 0 -1
1 22 1 2 0 2
haar_x2
4.936936e-004 0 -1
1.135488e-001 -4.330099e-001 
1
3
10 9 4 12 0 -1
12 9 2 6 0 2
10 15 2 6 0 2
haar_x2_y2
-3.708325e-003 0 -1
2.919118e-001 -1.632993e-001 
1
2
6 0 12 2 0 -1
6 1 12 1 0 2
haar_y2
-9.618705e-003 0 -1
3.354830e-001 -1.403922e-001 
1
2
5 1 15 2 0 -1
10 1 5 2 0 3
haar_x3
2.575366e-002 0 -1
-5.452594e-002 5.542776e-001 
1
2
0 3 24 20 0 -1
6 3 12 20 0 2
haar_x4
-9.196809e-002 0 -1
1.154281e-001 -5.034295e-001 
1
2
19 11 5 6 0 -1
19 13 5 2 0 3
haar_y3
8.251103e-003 0 -1
-8.138493e-002 1.984232e-001 
1
2
11 11 7 3 0 -1
10 12 7 1 0 3
tilted_haar_y3
-4.635326e-003 0 -1
2.533369e-001 -1.961303e-001 
1
2
0 23 24 1 0 -1
6 23 12 1 0 2
haar_x4
-2.175662e-002 0 -1
-6.183320e-001 8.174279e-002 
1
2
4 19 3 2 0 -1
4 19 3 1 0 2
tilted_haar_y2
4.987180e-003 0 -1
6.589764e-002 -6.759186e-001 
1
2
11 21 12 1 0 -1
15 21 4 1 0 3
haar_x3
3.509096e-003 0 -1
-8.945525e-002 1.559009e-001 
1
2
6 21 1 2 0 -1
6 21 1 1 0 2
tilted_haar_y2
3.483066e-005 0 -1
-2.556694e-001 2.156997e-001 
1
2
19 7 4 6 0 -1
20 8 2 6 0 2
tilted_haar_y4
1.005782e-002 0 -1
-4.926932e-002 2.817627e-001 
1
3
3 10 6 4 0 -1
3 10 3 2 0 2
6 12 3 2 0 2
haar_x2_y2
-4.615695e-003 0 -1
2.985959e-001 -1.516987e-001 
1
2
20 17 2 4 0 -1
20 17 1 4 0 2
tilted_haar_y2
5.142841e-003 0 -1
4.406766e-002 -4.389144e-001 
1
2
4 17 4 2 0 -1
4 17 4 1 0 2
tilted_haar_y2
5.306938e-003 0 -1
6.975698e-002 -6.364131e-001 
1
2
20 3 2 1 0 -1
20 3 1 1 0 2
haar_x2
2.472318e-004 0 -1
7.623121e-002 -2.742689e-001 
-1.524914e+000

9
-1
