15
1
2
0 12 24 6 0 -1
6 12 12 6 0 2
haar_x4
-1.032070e-001 0 -1
5.611122e-001 -6.405299e-001 
1
2
4 2 16 6 0 -1
4 5 16 3 0 2
haar_y2
-3.506741e-002 0 -1
6.415660e-001 -3.821989e-001 
1
2
7 0 10 3 0 -1
7 1 10 1 0 3
haar_y3
-3.222591e-003 0 -1
4.549306e-001 -4.094585e-001 
1
3
13 16 8 8 0 -1
17 16 4 4 0 2
13 20 4 4 0 2
haar_x2_y2
1.234377e-002 0 -1
-2.474536e-001 4.922249e-001 
1
3
3 16 8 8 0 -1
3 16 4 4 0 2
7 20 4 4 0 2
haar_x2_y2
1.199572e-002 0 -1
-2.931562e-001 4.762706e-001 
1
3
17 2 6 8 0 -1
20 2 3 4 0 2
17 6 3 4 0 2
haar_x2_y2
-1.243554e-002 0 -1
4.166409e-001 -1.908173e-001 
1
2
9 4 6 18 0 -1
9 10 6 6 0 3
haar_y3
-1.556406e-002 0 -1
3.133114e-001 -3.882163e-001 
1
3
17 2 6 6 0 -1
20 2 3 3 0 2
17 5 3 3 0 2
haar_x2_y2
8.807682e-003 0 -1
-7.647794e-002 3.601328e-001 
1
3
1 2 6 6 0 -1
1 2 3 3 0 2
4 5 3 3 0 2
haar_x2_y2
-1.054974e-002 0 -1
6.142769e-001 -1.917938e-001 
1
2
18 22 4 2 0 -1
18 23 4 1 0 2
haar_y2
-9.173037e-004 0 -1
3.413958e-001 -2.073836e-001 
1
2
0 20 22 4 0 -1
11 20 11 4 0 2
haar_x2
3.868642e-002 0 -1
1.532000e-001 -6.712642e-001 
1
2
1 23 22 1 0 -1
1 23 11 1 0 2
haar_x2
1.062864e-002 0 -1
1.644417e-001 -6.030225e-001 
1
2
7 0 9 2 0 -1
10 0 3 2 0 3
haar_x3
-4.128537e-003 0 -1
3.352469e-001 -2.871943e-001 
1
2
11 0 5 4 0 -1
11 1 5 2 0 2
haar_y4
6.082803e-003 0 -1
-1.126253e-001 4.597692e-001 
1
2
0 22 2 2 0 -1
1 22 1 2 0 2
haar_x2
6.012234e-004 0 -1
1.702736e-001 -6.088973e-001 
-1.716034e+000

0
-1
