22
1
2
0 0 24 20 0 -1
6 0 12 20 0 2
haar_x4
-3.541680e-001 0 -1
5.714570e-001 -5.441632e-001 
1
2
2 0 20 16 0 -1
2 4 20 8 0 2
haar_y4
-1.455615e-001 0 -1
5.859808e-001 -2.177527e-001 
1
2
0 14 24 2 0 -1
6 14 12 2 0 2
haar_x4
-5.624708e-002 0 -1
4.549775e-001 -2.380828e-001 
1
2
9 0 8 3 0 -1
9 1 8 1 0 3
haar_y3
-5.401526e-003 0 -1
3.436496e-001 -2.989311e-001 
1
2
0 23 6 1 0 -1
2 23 2 1 0 3
haar_x3
-1.509393e-003 0 -1
-5.767787e-001 1.928701e-001 
1
2
7 14 10 10 0 -1
7 19 10 5 0 2
haar_y2
2.134320e-002 0 -1
-3.913023e-001 1.992103e-001 
1
2
1 23 2 1 0 -1
2 23 1 1 0 2
haar_x2
5.520289e-004 0 -1
1.291423e-001 -6.920447e-001 
1
2
21 20 3 4 0 -1
21 22 3 2 0 2
haar_y2
-4.016916e-004 0 -1
2.324643e-001 -3.809489e-001 
1
2
9 13 2 2 0 -1
10 13 1 2 0 2
haar_x2
5.179186e-004 0 -1
1.416109e-001 -4.825957e-001 
1
2
17 2 6 4 0 -1
16 3 6 2 0 2
tilted_haar_x4
-7.173917e-003 0 -1
3.151823e-001 -1.899670e-001 
1
2
2 23 2 1 0 -1
3 23 1 1 0 2
haar_x2
-6.638173e-004 0 -1
-6.323720e-001 1.127417e-001 
1
2
17 2 6 4 0 -1
16 3 6 2 0 2
tilted_haar_x4
2.738314e-002 0 -1
-3.817313e-002 4.561054e-001 
1
2
7 2 4 6 0 -1
8 3 2 6 0 2
tilted_haar_x4
-6.637339e-003 0 -1
3.556955e-001 -2.051889e-001 
1
2
22 21 2 1 0 -1
22 21 1 1 0 2
haar_x2
-5.031241e-004 0 -1
-5.038462e-001 1.148901e-001 
1
2
9 9 6 4 0 -1
11 9 2 4 0 3
haar_x3
-7.366049e-003 0 -1
-4.759408e-001 1.336174e-001 
1
2
9 11 6 3 0 -1
11 11 2 3 0 3
haar_x3
1.937542e-003 0 -1
1.511770e-001 -4.376091e-001 
1
2
9 0 5 2 0 -1
9 1 5 1 0 2
haar_y2
4.973010e-003 0 -1
-1.083275e-001 6.649165e-001 
1
2
8 0 9 7 0 -1
11 0 3 7 0 3
haar_x3
-5.801891e-003 0 -1
2.217253e-001 -2.685710e-001 
1
3
6 19 8 2 0 -1
6 19 4 1 0 2
10 20 4 1 0 2
haar_x2_y2
-1.209855e-003 0 -1
3.538376e-001 -1.716754e-001 
1
2
20 15 2 9 0 -1
20 15 1 9 0 2
haar_x2
2.388112e-003 0 -1
9.766942e-002 -4.515447e-001 
1
2
2 15 2 9 0 -1
3 15 1 9 0 2
haar_x2
2.257991e-003 0 -1
1.073421e-001 -5.491637e-001 
1
3
10 8 12 14 0 -1
16 8 6 7 0 2
10 15 6 7 0 2
haar_x2_y2
-4.966605e-002 0 -1
4.437871e-001 -1.270002e-001 
-1.548197e+000

4
-1
