48
1
2
0 0 24 19 0 -1
8 0 8 19 0 3
haar_x3
-5.114439e-001 0 -1
3.838772e-001 -3.564010e-001 
1
2
17 1 3 16 0 -1
17 5 3 8 0 2
haar_y4
-4.095247e-002 0 -1
4.020593e-001 -1.590312e-001 
1
2
8 12 8 8 0 -1
10 12 4 8 0 2
haar_x4
7.351092e-003 0 -1
-1.695152e-001 4.457105e-001 
1
3
13 5 6 16 0 -1
16 5 3 8 0 2
13 13 3 8 0 2
haar_x2_y2
-4.483103e-002 0 -1
2.979779e-001 -7.710633e-002 
1
2
4 1 3 16 0 -1
4 5 3 8 0 2
haar_y4
-2.998128e-002 0 -1
2.584770e-001 -2.419646e-001 
1
2
12 18 12 4 0 -1
16 18 4 4 0 3
haar_x3
8.653694e-003 0 -1
-1.033162e-001 1.315323e-001 
1
2
6 18 9 3 0 -1
9 18 3 3 0 3
haar_x3
-1.779735e-002 0 -1
3.375328e-001 -1.584980e-001 
1
2
13 13 2 1 0 -1
13 13 1 1 0 2
haar_x2
1.210974e-004 0 -1
8.860129e-002 -3.410951e-001 
1
2
9 12 6 1 0 -1
11 12 2 1 0 3
haar_x3
-2.160450e-003 0 -1
-4.217824e-001 1.198468e-001 
1
2
10 12 4 1 0 -1
11 12 2 1 0 2
haar_x4
2.048211e-004 0 -1
1.272237e-001 -3.806539e-001 
1
2
0 2 24 4 0 -1
0 4 24 2 0 2
haar_y2
3.325884e-002 0 -1
-9.834848e-002 5.701569e-001 
1
2
9 3 9 2 0 -1
9 4 9 1 0 2
haar_y2
-2.978686e-003 0 -1
1.963082e-001 -1.376682e-001 
1
2
6 18 12 3 0 -1
9 18 6 3 0 2
haar_x4
1.415010e-002 0 -1
-1.094036e-001 4.430981e-001 
1
2
22 17 2 6 0 -1
22 17 1 6 0 2
haar_x2
-1.129356e-003 0 -1
-4.055731e-001 1.316968e-001 
1
2
3 0 18 3 0 -1
3 1 18 1 0 3
haar_y3
-8.338604e-003 0 -1
2.210188e-001 -2.132924e-001 
1
2
22 17 2 5 0 -1
22 17 1 5 0 2
haar_x2
9.123154e-004 0 -1
1.082816e-001 -5.117206e-001 
1
2
1 21 12 2 0 -1
5 21 4 2 0 3
haar_x3
5.186385e-003 0 -1
-1.968198e-001 2.305761e-001 
1
2
11 23 12 1 0 -1
15 23 4 1 0 3
haar_x3
7.400428e-003 0 -1
4.988759e-002 -3.819946e-001 
1
2
3 23 4 1 0 -1
5 23 2 1 0 2
haar_x2
6.509005e-004 0 -1
1.170030e-001 -3.875847e-001 
1
2
4 23 20 1 0 -1
4 23 10 1 0 2
haar_x2
1.350011e-002 0 -1
5.765080e-002 -6.269906e-001 
1
2
0 1 5 2 0 -1
0 2 5 1 0 2
haar_y2
1.007010e-003 0 -1
1.236396e-001 -3.284113e-001 
1
2
14 6 10 6 0 -1
12 8 10 2 0 3
tilted_haar_x3
2.551650e-002 0 -1
-6.322335e-002 2.077603e-001 
1
2
12 0 12 12 0 -1
8 4 12 4 0 3
tilted_haar_y3
-1.591801e-001 0 -1
2.431732e-001 -1.827605e-001 
1
2
22 17 2 2 0 -1
22 17 1 2 0 2
haar_x2
-6.005568e-004 0 -1
-3.215276e-001 7.532629e-002 
1
2
0 22 3 2 0 -1
0 23 3 1 0 2
haar_y2
-2.709311e-004 0 -1
1.835554e-001 -2.239408e-001 
1
2
22 17 2 2 0 -1
22 17 1 2 0 2
haar_x2
6.454657e-004 0 -1
6.512362e-002 -4.529918e-001 
1
2
8 0 8 14 0 -1
8 7 8 7 0 2
haar_y2
-1.183487e-001 0 -1
-6.759577e-001 6.291161e-002 
1
2
11 11 6 6 0 -1
13 13 2 2 0 9
haar_point
-3.352802e-003 0 -1
1.175663e-001 -1.950729e-001 
1
2
9 2 3 8 0 -1
10 3 1 8 0 3
tilted_haar_x3
-8.349872e-003 0 -1
2.798641e-001 -1.499332e-001 
1
2
19 15 4 5 0 -1
19 15 2 5 0 2
haar_x2
3.802733e-003 0 -1
5.155102e-002 -3.684488e-001 
1
2
6 18 6 6 0 -1
6 21 6 3 0 2
haar_y2
2.653282e-003 0 -1
-2.559824e-001 1.673635e-001 
1
2
16 10 6 9 0 -1
18 10 2 9 0 3
haar_x3
1.495369e-002 0 -1
-8.189934e-002 1.960034e-001 
1
2
2 10 6 12 0 -1
4 10 2 12 0 3
haar_x3
-1.821344e-002 0 -1
4.724985e-001 -9.273050e-002 
1
2
20 1 2 2 0 -1
20 1 1 2 0 2
haar_x2
-3.384030e-004 0 -1
-2.666066e-001 1.210448e-001 
1
2
7 6 7 2 0 -1
7 7 7 1 0 2
haar_y2
1.002745e-003 0 -1
1.320190e-001 -3.096293e-001 
1
2
3 3 21 21 0 -1
10 10 7 7 0 9
haar_point
-7.559950e-001 0 -1
-2.313267e-001 4.663407e-002 
1
2
0 15 2 7 0 -1
1 15 1 7 0 2
haar_x2
1.373370e-003 0 -1
9.164657e-002 -4.387019e-001 
1
2
13 5 10 6 0 -1
11 7 10 2 0 3
tilted_haar_x3
1.763911e-002 0 -1
-6.665058e-002 1.583468e-001 
1
2
9 12 2 2 0 -1
10 12 1 2 0 2
haar_x2
4.458132e-004 0 -1
9.851962e-002 -4.262631e-001 
1
2
18 12 4 4 0 -1
17 13 4 2 0 2
tilted_haar_x4
-2.022015e-002 0 -1
6.379545e-001 -3.829043e-002 
1
2
7 0 6 2 0 -1
7 1 6 1 0 2
haar_y2
2.394916e-003 0 -1
-8.309481e-002 4.615154e-001 
1
2
10 0 6 4 0 -1
10 1 6 2 0 2
haar_y4
-6.297946e-003 0 -1
2.527836e-001 -1.335357e-001 
1
2
5 12 9 3 0 -1
8 13 3 1 0 9
haar_point
1.923309e-004 0 -1
1.274201e-001 -3.086358e-001 
1
2
20 6 4 4 0 -1
19 7 4 2 0 2
tilted_haar_x4
-1.142697e-002 0 -1
3.981996e-001 -8.881649e-002 
1
2
4 6 4 4 0 -1
5 7 2 4 0 2
tilted_haar_x4
1.480672e-002 0 -1
-6.238423e-002 6.736658e-001 
1
2
5 3 18 21 0 -1
11 10 6 7 0 9
haar_point
-3.496092e-001 0 -1
1.063662e-001 -1.032292e-001 
1
2
1 3 18 21 0 -1
7 10 6 7 0 9
haar_point
-6.988677e-001 0 -1
-6.801329e-001 6.316853e-002 
1
2
22 19 2 2 0 -1
22 19 1 2 0 2
tilted_haar_y2
-1.315508e-003 0 -1
-2.690724e-001 6.133470e-002 
-1.409635e+000

11
-1
