27
1
2
0 5 10 13 0 -1
5 5 5 13 0 2
haar_x2
-6.443299e-002 0 -1
2.948649e-001 -5.162663e-001 
1
2
10 0 7 3 0 -1
10 1 7 1 0 3
haar_y3
-3.028792e-003 0 -1
2.285648e-001 -3.382052e-001 
1
2
4 7 3 12 0 -1
4 13 3 6 0 2
haar_y2
2.656025e-002 0 -1
-2.720203e-001 4.457665e-001 
1
2
12 8 2 9 0 -1
9 11 2 3 0 3
tilted_haar_x3
-5.413687e-003 0 -1
1.329964e-001 -2.223939e-001 
1
2
0 23 12 1 0 -1
6 23 6 1 0 2
haar_x2
-9.239554e-003 0 -1
-5.666673e-001 1.520278e-001 
1
2
11 17 6 4 0 -1
13 17 2 4 0 3
haar_x3
-1.288660e-002 0 -1
3.763473e-001 -1.663644e-001 
1
2
7 16 6 5 0 -1
9 16 2 5 0 3
haar_x3
-1.037432e-002 0 -1
4.439263e-001 -1.946549e-001 
1
2
7 3 10 4 0 -1
7 4 10 2 0 2
haar_y4
-4.805456e-003 0 -1
3.971487e-001 -2.413257e-001 
1
2
4 0 15 4 0 -1
9 0 5 4 0 3
haar_x3
-4.421368e-002 0 -1
3.219926e-001 -2.631788e-001 
1
2
16 3 6 14 0 -1
18 5 2 14 0 3
tilted_haar_y3
-4.473025e-002 0 -1
2.598152e-001 -1.005021e-001 
1
2
10 10 12 1 0 -1
14 14 4 1 0 3
tilted_haar_x3
-4.941469e-003 0 -1
2.747462e-001 -2.932640e-001 
1
2
17 1 7 3 0 -1
16 2 7 1 0 3
tilted_haar_x3
-6.883282e-003 0 -1
3.533157e-001 -1.225327e-001 
1
2
7 1 3 7 0 -1
8 2 1 7 0 3
tilted_haar_x3
1.511840e-002 0 -1
-1.126073e-001 6.728314e-001 
1
2
8 9 9 9 0 -1
11 12 3 3 0 9
haar_point
-1.371776e-003 0 -1
1.528395e-001 -4.376296e-001 
1
2
3 22 6 2 0 -1
3 23 6 1 0 2
haar_y2
-7.030754e-004 0 -1
2.782455e-001 -2.434971e-001 
1
2
0 18 24 5 0 -1
0 18 12 5 0 2
haar_x2
6.963771e-002 0 -1
1.057158e-001 -6.454384e-001 
1
2
0 22 24 2 0 -1
12 22 12 2 0 2
haar_x2
4.172849e-002 0 -1
6.284097e-002 -9.025280e-001 
1
2
9 10 6 1 0 -1
11 10 2 1 0 3
haar_x3
-2.423552e-003 0 -1
-5.552544e-001 1.056342e-001 
1
2
1 3 2 2 0 -1
2 3 1 2 0 2
haar_x2
-4.330569e-004 0 -1
-3.965718e-001 1.490266e-001 
1
3
16 11 6 8 0 -1
19 11 3 4 0 2
16 15 3 4 0 2
haar_x2_y2
-9.492952e-003 0 -1
3.940450e-001 -1.303058e-001 
1
2
2 20 1 2 0 -1
2 20 1 1 0 2
tilted_haar_y2
3.297641e-005 0 -1
-2.634918e-001 2.335448e-001 
1
2
9 10 6 1 0 -1
11 10 2 1 0 3
haar_x3
2.924442e-004 0 -1
1.852160e-001 -3.470474e-001 
1
3
6 0 6 2 0 -1
6 0 3 1 0 2
9 1 3 1 0 2
haar_x2_y2
2.054231e-003 0 -1
-1.331560e-001 4.692061e-001 
1
2
6 1 15 21 0 -1
11 8 5 7 0 9
haar_point
-5.489383e-001 0 -1
-5.606076e-001 6.135448e-002 
1
2
2 5 18 2 0 -1
2 6 18 1 0 2
haar_y2
-1.453542e-003 0 -1
2.100340e-001 -2.516122e-001 
1
2
8 0 14 18 0 -1
8 9 14 9 0 2
haar_y2
-2.265589e-001 0 -1
-6.079203e-001 5.637151e-002 
1
2
0 2 22 4 0 -1
11 2 11 4 0 2
haar_x2
-4.198704e-002 0 -1
-3.760554e-001 1.531667e-001 
-1.469088e+000

6
-1
