18
1
2
0 0 24 24 0 -1
6 0 12 24 0 2
haar_x4
-2.382528e-001 0 -1
6.988988e-001 -7.738667e-001 
1
2
2 13 20 4 0 -1
7 13 10 4 0 2
haar_x4
-6.478870e-002 0 -1
4.752785e-001 -3.957511e-001 
1
2
8 2 4 7 0 -1
9 3 2 7 0 2
tilted_haar_x4
-9.300454e-003 0 -1
4.871294e-001 -2.377745e-001 
1
2
12 14 3 2 0 -1
12 15 3 1 0 2
haar_y2
-3.649359e-004 0 -1
-3.152794e-001 1.471272e-001 
1
2
4 0 15 3 0 -1
9 1 5 1 0 9
haar_point
-5.388043e-002 0 -1
4.121504e-001 -2.593942e-001 
1
2
0 0 24 24 0 -1
0 12 24 12 0 2
haar_y2
-2.776154e-001 0 -1
-6.505700e-001 1.950553e-001 
1
2
0 19 4 5 0 -1
2 19 2 5 0 2
haar_x2
3.544641e-003 0 -1
1.307183e-001 -6.127420e-001 
1
2
22 21 2 3 0 -1
22 21 1 3 0 2
haar_x2
7.676217e-004 0 -1
1.078802e-001 -5.700432e-001 
1
2
5 15 9 5 0 -1
8 15 3 5 0 3
haar_x3
-3.556802e-002 0 -1
5.912123e-001 -1.391571e-001 
1
2
0 23 24 1 0 -1
0 23 12 1 0 2
haar_x2
2.039150e-002 0 -1
9.645469e-002 -8.711703e-001 
1
2
5 13 8 10 0 -1
7 13 4 10 0 2
haar_x4
1.788379e-002 0 -1
-1.647545e-001 5.531877e-001 
1
2
14 17 7 6 0 -1
14 20 7 3 0 2
haar_y2
-5.336517e-003 0 -1
-2.694222e-001 1.650559e-001 
1
2
2 6 12 14 0 -1
5 6 6 14 0 2
haar_x4
-2.960310e-002 0 -1
3.300895e-001 -2.425112e-001 
1
2
22 14 2 2 0 -1
22 14 1 2 0 2
haar_x2
-4.789828e-004 0 -1
-4.144357e-001 1.380971e-001 
1
2
3 23 3 1 0 -1
4 23 1 1 0 3
haar_x3
-9.226371e-004 0 -1
-6.699333e-001 1.170259e-001 
1
2
16 0 8 4 0 -1
15 1 8 2 0 2
tilted_haar_x4
-1.809898e-002 0 -1
5.058986e-001 -1.145142e-001 
1
2
0 15 2 1 0 -1
1 15 1 1 0 2
haar_x2
5.069162e-004 0 -1
1.488989e-001 -5.609817e-001 
1
2
16 0 8 4 0 -1
15 1 8 2 0 2
tilted_haar_x4
2.023891e-002 0 -1
-8.477299e-002 5.335674e-001 
-1.718716e+000

2
-1
