49
1
2
8 0 8 3 0 -1
10 0 4 3 0 2
haar_x4
-6.746244e-003 0 -1
2.918243e-001 -2.952418e-001 
1
2
0 12 24 6 0 -1
6 12 12 6 0 2
haar_x4
-1.498866e-001 0 -1
2.673793e-001 -3.053329e-001 
1
2
3 2 18 16 0 -1
3 6 18 8 0 2
haar_y4
-1.302383e-001 0 -1
3.599212e-001 -2.187599e-001 
1
2
7 0 12 3 0 -1
7 1 12 1 0 3
haar_y3
-2.118809e-003 0 -1
1.719323e-001 -3.319452e-001 
1
2
8 17 8 2 0 -1
10 17 4 2 0 2
haar_x4
4.156476e-003 0 -1
-2.059173e-001 2.787152e-001 
1
2
5 1 15 2 0 -1
10 1 5 2 0 3
haar_x3
2.442018e-002 0 -1
-5.289360e-002 6.164317e-001 
1
3
1 18 12 6 0 -1
1 18 6 3 0 2
7 21 6 3 0 2
haar_x2_y2
9.367347e-003 0 -1
-2.111704e-001 2.445261e-001 
1
3
18 2 6 8 0 -1
21 2 3 4 0 2
18 6 3 4 0 2
haar_x2_y2
-7.331693e-003 0 -1
2.123279e-001 -2.009322e-001 
1
2
9 2 6 12 0 -1
11 6 2 4 0 9
haar_point
-4.551185e-002 0 -1
-4.464221e-001 9.841247e-002 
1
3
16 3 4 2 0 -1
18 3 2 1 0 2
16 4 2 1 0 2
haar_x2_y2
-2.084997e-003 0 -1
2.490391e-001 -8.052015e-002 
1
3
4 3 4 2 0 -1
4 3 2 1 0 2
6 4 2 1 0 2
haar_x2_y2
-2.810079e-003 0 -1
4.662775e-001 -1.033399e-001 
1
2
16 23 8 1 0 -1
18 23 4 1 0 2
haar_x4
-2.277853e-003 0 -1
-5.024480e-001 6.870671e-002 
1
2
7 22 1 2 0 -1
7 23 1 1 0 2
haar_y2
-1.350365e-005 0 -1
1.984342e-001 -2.396097e-001 
1
2
23 3 1 16 0 -1
23 7 1 8 0 2
haar_y4
3.579330e-003 0 -1
-9.741876e-002 2.027806e-001 
1
2
9 10 4 1 0 -1
10 11 2 1 0 2
tilted_haar_x4
-2.510826e-003 0 -1
-4.161102e-001 1.116959e-001 
1
2
23 21 1 2 0 -1
23 21 1 1 0 2
tilted_haar_x2
2.456393e-005 0 -1
-2.836248e-001 1.501335e-001 
1
2
5 15 6 6 0 -1
8 15 3 6 0 2
haar_x2
1.475554e-002 0 -1
-8.192824e-002 5.961003e-001 
1
2
23 21 1 2 0 -1
23 21 1 1 0 2
tilted_haar_x2
1.516425e-003 0 -1
1.019325e-001 -4.461559e-001 
1
2
1 21 2 1 0 -1
1 21 1 1 0 2
tilted_haar_x2
2.838977e-003 0 -1
5.611600e-002 -7.103600e-001 
1
2
2 17 20 2 0 -1
2 17 10 2 0 2
haar_x2
-1.716247e-002 0 -1
-4.050800e-001 1.062010e-001 
1
3
3 22 12 2 0 -1
3 22 6 1 0 2
9 23 6 1 0 2
haar_x2_y2
-1.914211e-003 0 -1
3.771228e-001 -1.158833e-001 
1
2
7 13 12 1 0 -1
11 13 4 1 0 3
haar_x3
-5.200176e-005 0 -1
5.844966e-002 -1.948024e-001 
1
2
8 21 8 3 0 -1
8 22 8 1 0 3
haar_y3
-2.465780e-003 0 -1
3.284994e-001 -1.240083e-001 
1
2
11 13 2 1 0 -1
11 13 1 1 0 2
haar_x2
1.096828e-004 0 -1
1.388100e-001 -2.924773e-001 
1
2
0 21 12 1 0 -1
4 21 4 1 0 3
haar_x3
1.898505e-003 0 -1
-2.264236e-001 1.989242e-001 
1
2
12 23 12 1 0 -1
16 23 4 1 0 3
haar_x3
8.197909e-003 0 -1
6.668939e-002 -4.763252e-001 
1
3
5 3 4 2 0 -1
5 3 2 1 0 2
7 4 2 1 0 2
haar_x2_y2
1.406669e-003 0 -1
-1.073865e-001 3.690554e-001 
1
2
20 14 4 8 0 -1
20 14 2 8 0 2
haar_x2
3.928005e-003 0 -1
8.154143e-002 -4.068592e-001 
1
2
7 2 7 9 0 -1
7 5 7 3 0 3
haar_y3
-6.053441e-003 0 -1
1.737032e-001 -2.157430e-001 
1
2
3 2 19 3 0 -1
3 3 19 1 0 3
haar_y3
-8.136939e-003 0 -1
3.860546e-001 -1.000239e-001 
1
2
6 2 9 9 0 -1
9 5 3 3 0 9
haar_point
-1.121003e-001 0 -1
-7.297789e-001 5.836512e-002 
1
2
18 18 2 3 0 -1
18 18 1 3 0 2
haar_x2
-6.803116e-003 0 -1
5.240189e-001 -3.552978e-002 
1
2
4 18 2 3 0 -1
5 18 1 3 0 2
haar_x2
1.426402e-003 0 -1
8.575220e-002 -4.854317e-001 
1
2
20 4 3 3 0 -1
19 5 3 1 0 3
tilted_haar_x3
-3.823702e-003 0 -1
2.514030e-001 -1.177901e-001 
1
2
0 12 7 4 0 -1
0 13 7 2 0 2
haar_y4
3.001902e-003 0 -1
-1.417379e-001 2.580051e-001 
1
2
17 12 5 4 0 -1
17 13 5 2 0 2
haar_y4
-1.594757e-003 0 -1
1.892724e-001 -8.813014e-002 
1
2
2 12 4 4 0 -1
2 13 4 2 0 2
haar_y4
-1.208018e-003 0 -1
3.103148e-001 -1.382788e-001 
1
2
20 15 4 9 0 -1
20 15 2 9 0 2
haar_x2
8.965396e-003 0 -1
4.041812e-002 -3.463377e-001 
1
2
5 1 8 2 0 -1
5 2 8 1 0 2
haar_y2
1.517899e-002 0 -1
4.952909e-002 -7.304292e-001 
1
2
8 0 10 3 0 -1
8 1 10 1 0 3
haar_y3
-1.055091e-002 0 -1
1.969014e-001 -1.289129e-001 
1
2
0 15 4 9 0 -1
2 15 2 9 0 2
haar_x2
4.609153e-003 0 -1
7.546846e-002 -4.844894e-001 
1
2
20 23 4 1 0 -1
20 23 2 1 0 2
haar_x2
6.118696e-004 0 -1
6.269088e-002 -3.734107e-001 
1
3
7 14 2 8 0 -1
7 14 1 4 0 2
8 18 1 4 0 2
haar_x2_y2
5.376318e-003 0 -1
-7.943731e-002 4.871945e-001 
1
2
6 2 15 21 0 -1
11 9 5 7 0 9
haar_point
-5.906706e-001 0 -1
-6.741586e-001 3.108980e-002 
1
2
5 19 4 1 0 -1
6 20 2 1 0 2
tilted_haar_x4
1.880992e-004 0 -1
-1.997599e-001 1.878136e-001 
1
2
12 17 9 7 0 -1
15 17 3 7 0 3
haar_x3
-3.853088e-002 0 -1
1.659459e-001 -4.089204e-002 
1
2
3 17 9 7 0 -1
6 17 3 7 0 3
haar_x3
-7.008338e-002 0 -1
8.629716e-001 -4.834178e-002 
1
2
16 2 8 3 0 -1
15 3 8 1 0 3
tilted_haar_x3
-1.393268e-002 0 -1
3.468620e-001 -6.024592e-002 
1
2
8 3 8 11 0 -1
10 3 4 11 0 2
haar_x4
-1.471541e-003 0 -1
1.535161e-001 -2.764963e-001 
-1.416771e+000

13
-1
