22
1
2
0 1 24 21 0 -1
6 1 12 21 0 2
haar_x4
-2.852409e-001 0 -1
4.467060e-001 -6.578599e-001 
1
2
17 1 3 15 0 -1
17 6 3 5 0 3
haar_y3
-2.704482e-002 0 -1
3.749286e-001 -2.979114e-001 
1
2
8 18 8 1 0 -1
10 18 4 1 0 2
haar_x4
1.215554e-003 0 -1
-2.398757e-001 4.540653e-001 
1
2
13 18 9 6 0 -1
16 18 3 6 0 3
haar_x3
9.176062e-003 0 -1
-1.323534e-001 2.907226e-001 
1
2
2 18 9 6 0 -1
5 18 3 6 0 3
haar_x3
8.508031e-003 0 -1
-2.835672e-001 3.963236e-001 
1
3
10 0 10 8 0 -1
15 0 5 4 0 2
10 4 5 4 0 2
haar_x2_y2
2.335412e-002 0 -1
-1.471839e-001 3.628170e-001 
1
2
9 1 4 9 0 -1
10 2 2 9 0 2
tilted_haar_x4
-1.294275e-002 0 -1
4.837990e-001 -2.235019e-001 
1
3
9 14 14 10 0 -1
16 14 7 5 0 2
9 19 7 5 0 2
haar_x2_y2
1.291012e-002 0 -1
-3.388707e-001 2.574255e-001 
1
2
0 20 1 4 0 -1
0 22 1 2 0 2
haar_y2
-3.014873e-004 0 -1
3.035689e-001 -3.227208e-001 
1
2
6 0 12 3 0 -1
6 1 12 1 0 3
haar_y3
-2.978138e-003 0 -1
2.366924e-001 -3.450501e-001 
1
3
0 1 8 12 0 -1
0 1 4 6 0 2
4 7 4 6 0 2
haar_x2_y2
-2.726371e-002 0 -1
4.083662e-001 -1.895535e-001 
1
2
11 18 9 6 0 -1
14 18 3 6 0 3
haar_x3
-8.971989e-003 0 -1
2.084273e-001 -1.578732e-001 
1
2
7 9 9 9 0 -1
10 12 3 3 0 9
haar_point
-2.900493e-003 0 -1
1.559367e-001 -5.135143e-001 
1
2
10 18 4 3 0 -1
11 18 2 3 0 2
haar_x4
-4.217591e-003 0 -1
6.187692e-001 -1.243805e-001 
1
2
5 22 1 2 0 -1
5 23 1 1 0 2
haar_y2
-7.303710e-005 0 -1
2.840320e-001 -2.453971e-001 
1
2
16 20 2 1 0 -1
16 20 1 1 0 2
haar_x2
3.526367e-004 0 -1
-6.069128e-002 2.463374e-001 
1
2
0 20 9 4 0 -1
0 22 9 2 0 2
haar_y2
-1.569418e-002 0 -1
-6.315038e-001 1.160012e-001 
1
2
16 20 2 1 0 -1
16 20 1 1 0 2
haar_x2
-3.355943e-003 0 -1
6.722890e-001 -3.980045e-002 
1
3
4 12 2 2 0 -1
4 12 1 1 0 2
5 13 1 1 0 2
haar_x2_y2
8.284001e-004 0 -1
-9.643221e-002 6.335386e-001 
1
2
21 17 1 4 0 -1
21 19 1 2 0 2
haar_y2
-3.253779e-004 0 -1
2.773412e-001 -1.551530e-001 
1
2
9 10 6 5 0 -1
11 10 2 5 0 3
haar_x3
-2.198017e-002 0 -1
-8.562953e-001 7.306330e-002 
1
3
11 22 2 2 0 -1
12 22 1 1 0 2
11 23 1 1 0 2
haar_x2_y2
-4.954595e-004 0 -1
4.888795e-001 -1.442924e-001 
-1.548412e+000

7
-1
